CET-L14
000000
000100
000200
000300
000400
000500
000600
000600
000700
000800
000900
000A00
000B00
000C00
000D00
000E00
000E00
000F00
001000
001000
001100
001200
001200
001300
001300
001400
001500
001500
001600
001600
001700
001700
001800
001800
001900
001900
001A00
001A00
001B00
001B00
001B00
001C00
001C00
001D00
001D00
001D00
001E00
001E00
001F00
001F00
001F00
002000
002000
002100
002100
002200
002200
002200
002300
002300
002400
002400
002400
002500
002500
002600
002600
002700
002700
002700
002800
002800
002900
002900
002A00
002A00
002A00
002B00
002B00
002C00
002C00
002D00
002D00
002D00
002E00
002E00
002F00
002F00
003000
003000
003000
003100
003100
003200
003200
003300
003300
003400
003400
003400
003500
003500
003600
003600
003700
003700
003800
003800
003800
003900
003900
003A00
003A00
003B00
003B00
003C00
003C00
003C00
003D00
003D00
003E00
003E00
003F00
003F00
004000
004000
004100
004100
004200
004200
004200
004300
004300
004400
004400
004500
004500
004600
004600
004700
004700
004700
004800
004800
004900
004900
004A00
004A00
004B00
004B00
004C00
004C00
004C00
004D00
004E00
004E00
004F00
004F00
005000
005000
005000
005100
005100
005200
005200
005300
005300
005400
005400
005500
005500
005600
005600
005700
005700
005700
005800
005800
005900
005A00
005A00
005B00
005B00
005C00
005C00
005C00
005D00
005D00
005E00
005E00
005F00
005F00
006000
006000
006100
006100
006200
006200
006300
006300
006400
006400
006500
006500
006600
006600
006700
006700
006800
006800
006900
006900
006A00
006A00
006B00
006B00
006C00
006C00
006D00
006D00
006E00
006E00
006F00
006F00
007000
007000
007100
007100
007200
007200
007300
007300
007400
007400
007500
007500
007600
007600
007700
007700
007800
007800
007900
007900
007A00
007A00
007B00
007B00
007C00
007C00
007D00
007D00
007E00
007E00
007F00
008000
